md_temperature = 50
md_timestep = 0.05
md_num_timesteps = 50000000 # 2.5 ns
md_output_interval = 1000
pathint_adiabaticity = 0.01
pathint_num_beads = 16
pathint_propagator_variables = normalmodes
task = pathint
md_ensemble = nvt
md_thermostat = langevin
md_langevin_time = 500

begin lattice_vectors
    # from Ni-H, supercell_conv, 1x1, w/ 8x8x1 kpt grid
    # made 4x bigger...
    #  2.49873327713935        0.117015528309275E-09     0.506559682622997E-50
    # -1.24936665537850        2.16396648558000         -0.753799711055325E-51

    9.9949331085574         4.680621132371e-10        2.026238730491988e-50
   -4.997466621514          8.65586594232            -3.0151988442213e-51
    0.573545800090486E-49   0.232585423156628E-49    284.882115061714
end lattice_vectors

begin atomic_positions
  # from Ni-H, supercell_conv, 1x1, w/ 8x8x1 kpt grid
  # H    0.50224816532085226     0.49773453160097331      6.8542729246925393E-002

  H    0.12556204133021306     0.12443363290024333      6.8542729246925393E-002
end atomic_positions

potential = fourier_pes

pes_supercell_size = 4

begin fourier_2d_pes_energy
  16  16
  15  2   -54535.93540601215
  0   6   -54536.15461431549
  15  14  -54535.91498914826
  6   10  -54536.409597997124
  0   4   -54535.99078894516
  5   9   -54536.36537769532
  2   3   -54535.936976243654
  14  9   -54536.18213335354
  8   9   -54536.30302750646
  12  0   -54535.99080152036
  1   10  -54536.216914774785
  9   12  -54536.166991450176
  7   2   -54536.182148255466
  12  13  -54535.97252852669
  0   11  -54536.0624000339
  8   14  -54536.286908634625
  9   4   -54536.35638977373
  1   4   -54535.97129610233
  7   15  -54536.301917501936
  4   2   -54535.96392477273
  1   11  -54536.11358235098
  11  0   -54536.05955387975
  2   15  -54535.938489216394
  7   9   -54536.33767904475
  14  12  -54535.96394443651
  1   12  -54536.03053027879
  14  15  -54535.91391379221
  11  3   -54536.26543873086
  11  10  -54536.11262842155
  5   8   -54536.2734541792
  14  14  -54535.922267688344
  10  12  -54536.086609200334
  11  14  -54536.01320415355
  13  6   -54536.348452979706
  13  7   -54536.34938071113
  10  11  -54536.11320907799
  7   4   -54536.164550178284
  2   12  -54536.08744318845
  15  12  -54535.97353667468
  15  4   -54536.02655601239
  5   10  -54536.42594771053
  13  9   -54536.16444210245
  10  15  -54536.1115596231
  10  4   -54536.39549800403
  7   14  -54536.3337515515
  3   7   -54536.16664253982
  9   2   -54536.32829204431
  2   5   -54536.0132004386
  3   1   -54535.93819237276
  8   13  -54536.27288850777
  11  7   -54536.35691587199
  2   14  -54535.96745237598
  5   13  -54536.273218490314
  14  2   -54535.96360202551
  13  3   -54536.0733274263
  15  0   -54535.90805062949
  2   0   -54535.92311065856
  7   11  -54536.36537831506
  9   9   -54536.259080970114
  13  4   -54536.16097993919
  6   3   -54536.07426293471
  3   2   -54535.937876405755
  5   7   -54536.18470106849
  8   2   -54536.28311919844
  4   15  -54536.03052032583
  6   8   -54536.288001931935
  6   13  -54536.35693886441
  5   4   -54536.02967730451
  11  11  -54536.061981537816
  4   7   -54536.16697657111
  12  10  -54536.08596415108
  7   10  -54536.357717971536
  5   0   -54536.062403864824
  7   7   -54536.25908575037
  6   12  -54536.40625124468
  12  5   -54536.354613730226
  4   3   -54535.973088950224
  6   6   -54536.15695064944
  7   13  -54536.35692537264
  4   14  -54536.08743016434
  14  13  -54535.937871771624
  1   8   -54536.301522785456
  1   1   -54535.90870144227
  0   1   -54535.90804549276
  2   8   -54536.28690321525
  3   14  -54536.015200369744
  13  12  -54535.97309817514
  15  7   -54536.298734530676
  4   0   -54535.99388595856
  2   6   -54536.085717318725
  4   6   -54536.08658688518
  0   14  -54535.92311494951
  15  15  -54535.908706102506
  15  11  -54536.03001763613
  0   8   -54536.30429179328
  3   10  -54536.356946838125
  12  12  -54535.99312591973
  11  15  -54536.02805021765
  13  2   -54536.01071273917
  10  10  -54536.15695249705
  10  2   -54536.28145854712
  0   13  -54535.949488753526
  7   8   -54536.30301856341
  3   15  -54535.97385397403
  4   9   -54536.365073010544
  10  13  -54536.0745805815
  9   7   -54536.33320947886
  6   0   -54536.15678780715
  15  1   -54535.91620205251
  9   1   -54536.29873781138
  10  7   -54536.35084685241
  6   14  -54536.28737673575
  9   15  -54536.215657301946
  1   3   -54535.93632969384
  10  14  -54536.085720305244
  9   10  -54536.21729744641
  5   14  -54536.184810175735
  0   9   -54536.25813635494
  10  6   -54536.399677977664
  1   9   -54536.30192156525
  5   1   -54536.02999867371
  8   0   -54536.30428291284
  2   4   -54535.96255719121
  12  2   -54536.082392771714
  0   3   -54535.94669159719
  14  7   -54536.3282867843
  11  8   -54536.26852537899
  3   3   -54535.948590685344
  14  5   -54536.17921837006
  3   6   -54536.0745673122
  4   10  -54536.40626511998
  8   5   -54536.26852891339
  7   3   -54536.16442574577
  15  5   -54536.1095877452
  13  13  -54535.948579734504
  8   11  -54536.27345448653
  5   6   -54536.11321514921
  9   3   -54536.34937831398
  7   0   -54536.25813763383
  4   4   -54535.993085251874
  2   1   -54535.914992447666
  14  6   -54536.28145731746
  10  5   -54536.414571135996
  5   5   -54536.06199432342
  1   5   -54536.028036355725
  10  9   -54536.21591297766
  11  13  -54536.013743443
  12  9   -54536.16456169534
  3   8   -54536.27288391941
  6   5   -54536.11262506039
  15  10  -54536.11260074899
  11  1   -54536.109588954074
  12  3   -54536.16098703566
  6   11  -54536.425939649016
  12  6   -54536.39552447503
  14  1   -54535.935405228505
  1   0   -54535.90919892634
  6   9   -54536.35769577944
  9   8   -54536.30101367836
  9   11  -54536.18470432075
  8   12  -54536.264729720424
  9   5   -54536.35690833805
  7   12  -54536.3651074728
  13  5   -54536.265430994725
  0   7   -54536.25698007123
  1   14  -54535.93847711207
  11  2   -54536.17922092363
  1   7   -54536.21565825889
  7   6   -54536.21589982778
  3   13  -54536.0787349697
  9   14  -54536.183674679014
  11  5   -54536.41633751883
  14  4   -54536.08237935808
  3   9   -54536.356916600234
  4   8   -54536.26471205414
  12  15  -54535.97130771191
  13  15  -54535.93632914155
  5   2   -54536.014405756636
  8   10  -54536.28801787215
  14  0   -54535.92095122011
  10  3   -54536.34846117652
  15  9   -54536.21523373361
  3   11  -54536.27321720255
  3   12  -54536.16750935578
  2   13  -54536.01519423703
  1   13  -54535.97385839441
  9   0   -54536.25697829681
  0   10  -54536.15681272466
  2   7   -54536.18368444086
  10  8   -54536.28427777965
  5   3   -54536.01429145775
  14  8   -54536.28311189178
  8   1   -54536.29948069609
  13  8   -54536.26793331699
  0   12  -54535.99390132891
  6   1   -54536.112606364906
  8   6   -54536.284265166105
  11  4   -54536.354601481245
  11  6   -54536.41456845286
  13  14  -54535.93698270724
  15  13  -54535.938200783195
  7   1   -54536.215239409255
  11  9   -54536.182527862875
  10  0   -54536.154621292066
  0   5   -54536.059551973274
  14  10  -54536.085969737054
  5   12  -54536.36488395045
  12  11  -54536.02968620076
  5   11  -54536.42835696182
  5   15  -54536.113585341656
  12  7   -54536.35640498834
  13  0   -54535.94667743244
  1   6   -54536.11154811647
  15  6   -54536.213150902695
  0   2   -54535.920964367055
  4   12  -54536.2675192941
  13  11  -54536.01429759234
  4   13  -54536.1675116933
  4   11  -54536.36487555847
  14  11  -54536.0144162995
  14  3   -54536.0107084881
  4   1   -54535.97353073583
  12  14  -54535.96256311556
  8   3   -54536.267931410075
  8   4   -54536.25938061375
  6   7   -54536.217278623226
  12  4   -54536.259083197416
  15  3   -54535.970179489195
  8   8   -54536.3088786414
  1   2   -54535.913906078116
  0   15  -54535.90920490349
  2   2   -54535.92229722908
  12  1   -54536.02654672846
  13  1   -54535.97018496129
  0   0   -54535.90078821455
  8   15  -54536.30150652246
  9   13  -54536.16665274523
  9   6   -54536.35083976683
  3   4   -54535.972518322626
  2   10  -54536.287379209934
  12  8   -54536.259395404464
  2   9   -54536.33375936064
  11  12  -54536.0296010755
  3   5   -54536.013733720654
  7   5   -54536.18253282459
  13  10  -54536.07428199886
  3   0   -54535.94949267069
  15  8   -54536.2994651317
  2   11  -54536.18481161728
  6   4   -54536.08595585691
  1   15  -54535.91841591669
  4   5   -54536.02960117137
  6   2   -54536.08596136756
  10  1   -54536.213162165244
  8   7   -54536.30101622929
  6   15  -54536.21691593168
end fourier_2d_pes_energy

begin fourier_2d_pes_height
  16  16
  15  2   19.899922282357977
  0   6   19.664186283694832
  15  14  19.930124951676177
  6   10  19.43026157345004
  0   4   19.82874329511893
  5   9   19.47143824105529
  2   3   19.899675559256483
  14  9   19.63666779837883
  8   9   19.5323185510359
  12  0   19.828603343346327
  1   10  19.609812743898722
  9   12  19.651487946168366
  7   2   19.636662750381642
  12  13  19.85231123545556
  0   11  19.754765102556977
  8   14  19.54521656934478
  9   4   19.471573038692192
  1   4   19.852626206550728
  7   15  19.53356648346951
  4   2   19.859862551360667
  1   11  19.704511910748874
  11  0   19.754337588333282
  2   15  19.899611838230598
  7   9   19.499571566302333
  14  12  19.859864604332202
  1   12  19.78775308753033
  14  15  19.93024117463236
  11  3   19.55623135416776
  11  10  19.703627978546365
  5   8   19.555704877459032
  14  14  19.923132763996716
  10  12  19.728244577052813
  11  14  19.80402799682351
  13  6   19.4806999826051
  13  7   19.4805112731486
  10  11  19.703893881344467
  7   4   19.6509817792484
  2   12  19.728802864635764
  15  12  19.852246962128266
  15  4   19.787927066079977
  5   10  19.411935571208588
  13  9   19.651155746506735
  10  15  19.704469031112485
  10  4   19.4309632113911
  7   14  19.500589040584078
  3   7   19.65164553891096
  9   2   19.500278545522942
  2   5   19.804017075683408
  3   1   19.899547860836233
  8   13  19.55533420545061
  11  7   19.47132464494498
  2   14  19.86019048822224
  5   13  19.556725203158468
  14  2   19.860399113214054
  13  3   19.73668883479627
  15  0   19.945346131334567
  2   0   19.92314275045625
  7   11  19.47180747801396
  9   9   19.57186461973425
  13  4   19.65184272320086
  6   3   19.73589774204865
  3   2   19.899527664073794
  5   7   19.636648514723444
  8   2   19.54492514778106
  4   15  19.787811292651412
  6   8   19.544419128752274
  6   13  19.481135572917392
  5   4   19.787168994997188
  11  11  19.753711542545478
  4   7   19.651479501989314
  12  10  19.727898299439676
  7   10  19.479997695493225
  5   0   19.754810610913932
  7   7   19.57182461821757
  6   12  19.430957237998314
  12  5   19.47207168172957
  4   3   19.8521314044361
  6   6   19.663291247729518
  7   13  19.480520434532075
  4   14  19.728809131431525
  14  13  19.899520256788723
  1   8   19.533461882871794
  1   1   19.945270753463817
  0   1   19.945351818721253
  2   8   19.545207549324726
  3   14  19.80418434272014
  13  12  19.852176921112868
  15  7   19.533323247313366
  4   0   19.82838127000673
  2   6   19.728617819483656
  4   6   19.728247601289116
  0   14  19.92238327188494
  15  15  19.94526988807661
  15  11  19.787415065250705
  0   8   19.527791706660445
  3   10  19.481135237657845
  12  12  19.828002922119612
  11  15  19.787828274024978
  13  2   19.8042428883031
  10  10  19.663296909385693
  10  2   19.545202604362462
  0   13  19.883943206143023
  7   8   19.53231853010944
  3   15  19.852591005507655
  4   9   19.472121021703487
  10  13  19.736225141389337
  9   7   19.4992342742239
  6   0   19.66408087794559
  15  1   19.930267782581424
  9   1   19.533305425053
  10  7   19.479689659862462
  6   14  19.545605274657948
  9   15  19.6097023785748
  1   3   19.899797426115292
  10  14  19.72856051196758
  9   10  19.60788415595446
  5   14  19.637442593517815
  0   9   19.57293071307509
  10  6   19.430377753729832
  1   9   19.533535827689352
  5   1   19.787412744839077
  8   0   19.52779113842326
  2   4   19.860154639243156
  12  2   19.728719537233072
  0   3   19.88423317902274
  14  7   19.500334124103187
  11  8   19.5552450398071
  3   3   19.88387574485016
  14  5   19.637204450919302
  3   6   19.736228915904363
  4   10  19.431190566488993
  8   5   19.555308221846804
  7   3   19.651137390330835
  15  5   19.704507923456717
  13  13  19.88398383521127
  8   11  19.55500585599995
  5   6   19.7038819084768
  9   3   19.480488819206258
  7   0   19.572875453994726
  4   4   19.828078351240613
  2   1   19.930119811699605
  14  6   19.545211153877375
  10  5   19.41194630233073
  5   5   19.75366516582299
  1   5   19.78802973139806
  10  9   19.608581952457914
  11  13  19.803850365532224
  12  9   19.650970424365944
  3   8   19.55619382854398
  6   5   19.703623523315237
  15  10  19.704118097771744
  11  1   19.704489504839724
  12  3   19.651857011170886
  6   11  19.411974933325357
  12  6   19.430981893446255
  14  1   19.899920394973343
  1   0   19.945232995014198
  6   9   19.479999631925057
  9   8   19.531635821422796
  9   11  19.63604652168587
  8   12  19.559824009715296
  9   5   19.471622756910595
  7   12  19.47174032089958
  13  5   19.556241944177085
  0   7   19.572887437505933
  1   14  19.899666342197413
  11  2   19.637207178857764
  1   7   19.609694804811888
  7   6   19.608577677209503
  3   13  19.73680936879491
  9   14  19.637169992426
  11  5   19.412570820747405
  14  4   19.72871933915422
  3   9   19.480885827738486
  4   8   19.55981960719546
  12  15  19.852630038186263
  13  15  19.89979847464723
  5   2   19.803623450261757
  8   10  19.54443605270917
  14  0   19.92333121385192
  10  3   19.48075465220493
  15  9   19.60938738557912
  3   11  19.556704431216684
  3   12  19.652134089173238
  2   13  19.80418148841812
  1   13  19.85246886174698
  9   0   19.572920444503342
  0   10  19.664088993424507
  2   7   19.637141395568495
  10  8   19.544037352918995
  5   3   19.803464925154675
  14  8   19.544901213161513
  8   1   19.53325526606944
  13  8   19.555699277102605
  0   12  19.828376988609527
  6   1   19.704123390006398
  8   6   19.54361084830585
  11  4   19.472062423324687
  11  6   19.412185828335108
  13  14  19.899666586623344
  15  13  19.89954822990464
  7   1   19.609412476151913
  11  9   19.636157177774393
  10  0   19.66420924022848
  0   5   19.754971678819906
  14  10  19.728139902699002
  5   12  19.472779479647727
  12  11  19.787181418002774
  5   11  19.412431699433636
  5   15  19.704499739206
  12  7   19.471931573959232
  13  0   19.884225898500965
  1   6   19.704466406731008
  15  6   19.609632432106384
  0   2   19.923040666296814
  4   12  19.560646970202164
  13  11  19.80351968617747
  4   13  19.652131071238312
  4   11  19.472255307099132
  14  11  19.803593611864045
  14  3   19.804210860223304
  4   1   19.852252013140628
  12  14  19.860146155511647
  8   3   19.55569689648545
  8   4   19.55932128371878
  6   7   19.608446831218213
  12  4   19.56019576274526
  15  3   19.852638080033284
  8   8   19.526639634629966
  1   2   19.930230422688407
  0   15  19.945226926424702
  2   2   19.922396769311153
  12  1   19.787893552146507
  13  1   19.85264082226315
  0   0   19.952547238560424
  8   15  19.53348588727061
  9   13  19.651920968604767
  9   6   19.479413313365686
  3   4   19.851897019197178
  2   10  19.54550937486955
  12  8   19.559333024789474
  2   9   19.50055259975196
  11  12  19.787476536598085
  3   5   19.803887440383775
  7   5   19.63618088164575
  13  10  19.735893301420703
  3   0   19.883946655708396
  15  8   19.53323996944265
  2   11  19.637472254839178
  6   4   19.72803863024873
  1   15  19.929983842887207
  4   5   19.787509717629224
  6   2   19.72814258525963
  10  1   19.60963290450133
  8   7   19.532127180231807
  6   15  19.6098071972058
end fourier_2d_pes_height

begin fourier_2d_pes_spring
  16  16
  15  2   11.106701964003996
  0   6   6.214377034188338
  15  14  12.170060875443973
  6   10  4.0259303122720285
  0   4   9.112777140176581
  5   9   4.45477798139582
  2   3   11.118454898111755
  14  9   5.872526552403927
  8   9   4.843198323761527
  12  0   9.09202118382532
  1   10  5.5869684110705995
  9   12  6.078253469166946
  7   2   5.870609674914887
  12  13  9.64165043836806
  0   11  7.5946809219545415
  8   14  4.956080519394486
  9   4   4.43786543136083
  1   4   9.7025856282864
  7   15  4.843835114331575
  4   2   9.845903364018188
  1   11  6.778762998307521
  11  0   7.529162946328243
  2   15  11.098558013930939
  7   9   5.097144343473694
  14  12  9.853722552013412
  1   12  8.211170904937813
  14  15  12.166416962804686
  11  3   5.023710374874073
  11  10  6.76212340920488
  5   8   5.073799662374089
  14  14  12.276493276417844
  10  12  7.131648750509789
  11  14  8.553732369746063
  13  6   4.397903878145156
  13  7   4.398973018339767
  10  11  6.782619471873033
  7   4   6.045085272451392
  2   12  7.14001358496483
  15  12  9.633088675141007
  15  4   8.197156668664555
  5   10  3.8630388739197103
  13  9   6.046045035901751
  10  15  6.771359307342511
  10  4   4.073080382944889
  7   14  5.090633336655251
  3   7   6.074074348734205
  9   2   5.079158996659963
  2   5   8.550183882487753
  3   1   11.113219376020222
  8   13  5.213880594149638
  11  7   4.398092288159307
  2   14  9.873452833677122
  5   13  5.066029561161211
  14  2   9.8529909455865
  13  3   7.729700355079681
  15  0   13.148699945149163
  2   0   12.324563126227163
  7   11  4.374696775867468
  9   9   5.212545796125749
  13  4   6.036361788044285
  6   3   7.733115369750682
  3   2   11.115148187120422
  5   7   5.900585385888185
  8   2   4.929113701358232
  4   15  8.216019481609592
  6   8   4.962615889349943
  6   13  4.434156020036171
  5   4   8.193350639938082
  11  11  7.5393149838659905
  4   7   6.07611948775184
  12  10  7.115561807376904
  7   10  4.432641947422377
  5   0   7.600719368123296
  7   7   5.206057679707676
  6   12  4.117193181077923
  12  5   4.430256988673202
  4   3   9.633659110898286
  6   6   6.2212884322801685
  7   13  4.498091366231171
  4   14  7.140204740240328
  14  13  11.111842502266823
  1   8   4.8402365263913
  1   1   13.142727306286002
  0   1   13.14900466596855
  2   8   4.955583441097387
  3   14  8.55903594997873
  13  12  9.699480681489012
  15  7   4.825300478769589
  4   0   9.090548795429008
  2   6   7.139556066677224
  4   6   7.130778651435471
  0   14  11.900396958081561
  15  15  13.152283019691152
  15  11  8.194631318748192
  0   8   5.3843971823834424
  3   10  4.433232343344017
  12  12  9.147047093441214
  11  15  8.209617463412105
  13  2   8.528705045783587
  10  10  6.2220315416721945
  10  2   4.927228861759131
  0   13  10.570226637425211
  7   8   4.843973617972389
  3   15  9.751970943454854
  4   9   4.374935761541878
  10  13  7.764932475308655
  9   7   5.064366627159252
  6   0   6.220695662792763
  15  1   12.16053867892002
  9   1   4.821939186207433
  10  7   4.3989588221727844
  6   14  4.953546981597005
  9   15  5.583517191084221
  1   3   11.11587701610311
  10  14  7.130230866302378
  9   10  5.919679652885842
  5   14  5.89915044885625
  0   9   5.20489661333283
  10  6   4.0825903455019725
  1   9   4.840182047762051
  5   1   8.18855529046085
  8   0   5.427195055809112
  2   4   9.866503506572846
  12  2   7.108420215732906
  0   3   10.571302196415292
  14  7   5.078419202098901
  11  8   5.0323566147938275
  3   3   10.577576678970193
  14  5   5.866800043686992
  3   6   7.772687858523281
  4   10  4.124593989804748
  8   5   5.040472855256739
  7   3   6.040913916662582
  15  5   6.759136260836882
  13  13  10.554287869551207
  8   11  5.175920572557398
  5   6   6.776592179773586
  9   3   4.3993454681745074
  7   0   5.2026009979837955
  4   4   9.098781443563185
  2   1   12.164580909699367
  14  6   4.929362750000412
  10  5   3.85540192994248
  5   5   7.541169843260611
  1   5   8.21820539660498
  10  9   5.5757468013437474
  11  13  8.548179654078487
  12  9   6.04272319671447
  3   8   5.064707027201683
  6   5   6.762665538145432
  15  10  6.763097077596091
  11  1   6.753058773287438
  12  3   6.039943216351969
  6   11  3.867172219022831
  12  6   4.089013554377322
  14  1   11.105447410064112
  1   0   13.150304034402637
  6   9   4.4325682412981795
  9   8   4.9062881043232505
  9   11  5.992825608478129
  8   12  5.895083824881424
  9   5   4.339723329044714
  7   12  4.461729200956293
  13  5   5.023392820369866
  0   7   5.193508759782365
  1   14  11.11520278672701
  11  2   5.868011162321487
  1   7   5.584303052066909
  7   6   5.572849261031534
  3   13  7.747078424542391
  9   14  5.900182011560776
  11  5   3.8975439141207335
  14  4   7.109434141184686
  3   9   4.433463841241902
  4   8   6.0207096238650815
  12  15  9.704126287772699
  13  15  11.113620581230899
  5   2   8.537481603614319
  8   10  4.9637811399826575
  14  0   12.277979872339413
  10  3   4.397971755116892
  15  9   5.5720482930067385
  3   11  5.064014785188809
  3   12  6.080254019307731
  2   13  8.558462772614359
  1   13  9.64256073994027
  9   0   5.2050316492529305
  0   10  6.222576407059687
  2   7   5.89520305597178
  10  8   4.935412347447867
  5   3   8.520514548447139
  14  8   4.928327195480465
  8   1   4.82734823347577
  13  8   5.026848252847849
  0   12  9.090383134222664
  6   1   6.765109135444563
  8   6   5.018822477180263
  11  4   4.422254073467018
  11  6   3.8667948374076593
  13  14  11.112990097006849
  15  13  11.111342619050555
  7   1   5.575038340265591
  11  9   5.872437792837798
  10  0   6.216302871521563
  0   5   7.590982790159102
  14  10  7.1154566810444635
  5   12  4.374427002792074
  12  11  8.196481471189992
  5   11  3.546388219721661
  5   15  6.774629648068099
  12  7   4.337768580356094
  13  0   10.567101078308538
  1   6   6.770978347085293
  15  6   5.570352709583013
  0   2   12.027393003665317
  4   12  6.115852808685103
  13  11  8.535453651738862
  4   13  6.079686585833299
  4   11  4.47125289258462
  14  11  8.531594886192295
  14  3   8.521570313002892
  4   1   9.633844468234885
  12  14  9.86546961581633
  8   3   5.029884902337704
  8   4   5.927482242799748
  6   7   5.660317484102099
  12  4   5.960815947451355
  15  3   9.646463856230847
  8   8   5.4688850026384745
  1   2   12.160937123513044
  0   15  13.150648236189534
  2   2   11.899780465659864
  12  1   8.18542608973446
  13  1   9.647131885239027
  0   0   13.376231978552694
  8   15  4.84285308533544
  9   13  6.201939562574592
  9   6   4.482241766610696
  3   4   9.80930542021213
  2   10  4.959752060702877
  12  8   5.898552310125862
  2   9   5.097536890788909
  11  12  8.21945993142505
  3   5   8.555444148969762
  7   5   5.872934947703287
  13  10  7.727194716908429
  3   0   10.571199404509734
  15  8   4.824784073233812
  2   11  5.904593891535637
  6   4   7.126367648053286
  1   15  12.13116442479805
  4   5   8.225327948115895
  6   2   7.113086933394932
  10  1   5.571240982430242
  8   7   4.826146370921872
  6   15  5.584302266983534
end fourier_2d_pes_spring
